T1D1:0.1134 0.7802 0.9596 0.9782 0.9858 0.9796 0.9896 0.9882 0.9904 0.9744 0.9904
T1D2:0.1198 0.1856 0.2962 0.37 0.501 0.5888 0.6502 0.6854 0.7626 0.7932 0.8116 0.8122 0.8462 0.7994 0.8676 0.887 0.862 0.898 0.8922 0.8844 0.8992 0.8822 0.9108 0.8854 0.9068 0.9142
T2D1:0.0302 0.1452 0.5036 0.6064 0.6272 0.6804 0.7224 0.735 0.8236 0.869 0.8814 0.8548 0.8894 0.8726 0.8918 0.901 0.883 0.8988 0.9104 0.9116 0.9032 0.9226 0.9188 0.9196 0.9162 0.8932 0.921 0.9162 0.927 0.9304 
T2D2:0.0518 0.2568 0.3956 0.4192 0.4368 0.4614 0.4852 0.4926 0.5004 0.5118 0.5338 0.5804 0.5726 0.6114 0.637 0.6202 0.6274 0.6296 0.6734 0.6776 0.689 0.6818 0.7004 0.6962 0.711 0.7128
T3D1:0.2114 0.641 0.8006 0.7292 0.8706 0.8434 0.8848 0.9214 0.9374 0.9552 0.9198 0.9248 0.9556 0.9322 0.9616 0.9408
T3D2:0.2118 0.6234 0.7802 0.8436 0.8618 0.8874 0.8448 0.9058 0.9396 0.9356 0.8474 0.9368 0.92 0.926 0.8614 0.8862 0.9272 0.9054 0.9102 0.9388 0.9426 0.9436 0.9388 0.8952 0.949 0.9478
T4D1:0.1082 0.8622 0.9474 0.9828 0.9896 0.9806 0.9954 0.9962 0.9956 0.9986 0.9984 0.9986 0.9988 0.9946 0.9976 0.9922
T4D2:0.1164 0.4124 0.5902 0.6702 0.7174 0.7528 0.8114 0.8156 0.8318 0.831 0.8834 0.8782 0.878 0.8874 0.8616 0.8992 0.916 0.9134 0.8998 0.9156 0.8922 0.9172 0.9172 0.9206 0.9232 0.9194
T5D1:0.0972 0.9688 0.9868 0.991 0.9968 0.9908 0.9972 0.9956 0.998 0.9978 0.9981
T5D2:0.0904 0.9572 0.9918 0.994 0.995 0.9924 0.9972 0.9972 0.9978 0.9988 0.9944 0.9982
T6D1:0.0572 0.506 0.6956 0.8846 0.9 0.9404 0.961 0.9622 0.9672 0.9342 0.9742 0.977 0.9622 0.9736 0.9696 0.966 0.9744 0.9544 0.9834 0.983 0.9862 0.97 0.9798 0.9746 0.9824 0.9868


